0
0
0
0
1
0
1
0
1
0
2
0
1
1
1
0
2
0
2
1
1
0
4
0
1
1
2
0
4
0
2
1
1
1
4
0
1
1
4
0
4
0
2
2
1
0
6
0
2
1
2
0
4
1
4
1
1
0
8
0
1
2
3
1
4
0
2
1
4
0
8
0
1
2
2
1
4
0
6
1
1
0
8
1
1
1
4
0
8
1
2
1
1
1
9
0
2
2
4
0
4
0
4
4
1
0
8
0
4
1
6
0
4
1
2
2
1
1
15
0
1
1
2
1
8
0
4
1
4
0
8
1
1
4
4
0
4
0
8
1
1
1
13
1
1
2
2
0
8
0
4
2
4
1
8
0
1
1
9
1
6
0
2
4
1
0
15
0
4
2
2
0
4
2
6
1
1
0
17
0
4
1
4
1
4
1
2
4
4
0
13
0
1
4
4
0
8
0
8
1
1
1
8
1
1
2
6
1
14
0
2
1
1
1
16
1
1
1
8
1
4
0
9
4
1
0
8
0
4
4
4
0
8
1
2
1
4
0
24
0
2
2
2
2
4
1
4
1
4
0
17
1
1
4
5
0
4
1
8
2
1
0
15
1
4
1
2
0
15
0
6
4
1
2
8
0
1
2
15
0
4
0
2
4
4
1
20
0
4
1
2
0
8
1
4
4
1
1
17
1
1
1
6
1
8
0
8
1
4
0
15
0
1
8
2
0
4
1
13
1
4
1
13
2
1
1
4
1
14
0
2
2
1
1
24
0
2
1
8
1
8
1
4
4
1
0
8
0
8
4
9
0
4
1
2
4
1
0
33
0
1
2
8
1
4
0
6
2
4
1
8
0
4
4
4
1
15
0
8
1
1
0
18
4
1
2
2
0
14
1
8
1
1
1
17
0
1
4
13
0
4
1
2
6
4
1
15
0
4
1
2
1
8
1
9
1
4
0
30
0
1
2
4
2
4
1
2
4
4
0
26
0
4
4
2
1
4
0
15
4
4
0
8
1
1
1
13
0
17
1
2
1
1
4
15
0
1
4
8
0
14
0
6
4
1
0
17
1
4
1
4
1
4
2
8
2
1
0
37
1
1
4
4
1
9
0
4
1
8
0
8
1
4
8
6
1
4
0
8
1
1
0
33
1
4
2
2
0
14
1
7
4
1
1
8
1
4
1
15
0
8
0
2
8
1
1
24
0
4
2
8
1
4
1
4
1
1
2
33
0
1
1
9
1
14
0
2
2
8
1
15
1
1
4
2
0
8
1
24
4
1
0
8
1
1
6
4
0
14
0
8
1
4
2
30
0
2
1
8
1
4
1
4
8
1
0
17
1
4
1
6
0
15
4
2
1
4
0
33
0
4
2
2
2
4
0
9
4
4
1
17
0
1
4
15
0
4
0
8
4
1
1
24
1
1
4
2
1
30
0
4
1
1
1
8
2
4
2
18
0
4
0
8
4
4
0
26
1
8
4
2
0
4
1
6
2
4
0
30
0
1
4
4
4
8
1
2
1
4
1
37
0
1
8
4
0
4
1
15
1
4
0
17
1
4
1
6
1
14
0
2
8
1
1
15
1
1
1
17
0
15
1
13
4
1
1
8
0
4
2
4
1
14
4
2
1
1
0
56
1
2
1
2
2
8
0
15
3
4
1
8
0
1
8
9
1
8
0
8
4
4
0
15
1
1
2
8
1
15
0
6
1
4
1
33
0
1
4
15
0
4
1
2
8
1
1
24
0
14
1
2
0
8
2
4
4
1
1
30
1
4
4
13
1
4
0
2
1
4
1
33
1
1
4
2
0
14
1
20
2
1
1
8
4
4
1
4
0
24
0
8
1
4
1
24
1
1
8
8
0
4
0
4
8
4
0
17
0
4
1
13
2
4
1
8
4
1
0
58
0
1
1
2
2
8
2
6
1
8
1
8
0
4
8
4
0
14
0
8
4
1
0
41
1
1
2
8
1
14
1
4
2
4
4
8
0
1
1
24
0
17
0
8
4
1
0
15
1
4
6
2
1
4
1
18
4
1
1
39
1
4
4
4
1
4
0
2
2
14
0
24
1
1
4
2
1
15
0
15
1
1
1
30
2
1
2
9
0
14
2
2
1
1
4
33
0
4
1
8
0
4
1
6
15
4
0
8
1
8
1
15
0
8
1
2
4
1
1
55
0
4
2
2
1
14
0
8
4
4
0
20
1
1
8
6
0
4
1
17
2
1
0
15
1
4
4
8
1
30
0
9
1
4
1
8
0
1
4
16
