1000 999
635 623
415 387
946 582
803 455
623 414
682 402
20 623
360 623
880 718
708 797
734 509
507 482
543 623
636 77
623 151
302 990
444 788
356 798
613 705
567 895
623 114
593 55
415 466
746 942
535 51
785 623
384 623
298 606
582 559
926 834
727 322
623 605
623 93
299 749
563 191
545 146
623 467
623 831
675 623
469 173
124 628
623 686
399 59
252 652
429 38
754 857
701 623
187 833
623 15
846 623
780 828
623 1
372 607
623 115
824 94
753 955
285 94
126 496
29 293
549 956
623 246
650 96
146 649
522 757
274 206
532 670
70 738
481 858
849 623
226 271
880 239
512 522
225 872
577 737
623 657
170 714
137 623
346 867
289 999
752 623
214 576
579 603
251 623
135 677
285 26
342 552
623 27
428 722
480 697
760 633
495 328
736 623
37 45
183 189
342 47
623 702
623 893
693 557
623 100
920 130
222 707
296 590
623 608
37 703
623 391
85 90
809 289
365 623
289 219
623 526
218 585
279 623
439 751
925 336
312 184
417 236
424 742
890 656
200 431
944 157
484 623
332 259
392 609
464 741
344 199
309 623
546 623
630 623
232 683
940 125
880 583
819 280
623 711
623 21
758 623
172 623
314 151
623 7
644 765
875 497
623 639
275 989
106 623
505 844
876 412
433 874
419 623
219 217
266 646
879 179
206 796
443 402
623 167
383 393
851 623
944 882
623 733
504 953
319 663
604 703
910 623
450 623
688 816
44 869
870 623
862 812
623 878
563 866
440 623
773 361
820 367
883 105
156 715
896 304
81 968
623 534
638 876
120 793
72 891
547 623
513 623
496 34
841 648
341 64
174 173
572 730
248 623
129 623
843 380
396 421
623 838
884 623
623 594
623 602
176 381
452 176
447 937
262 768
626 76
272 71
426 129
927 517
623 390
182 623
623 573
810 623
307 814
192 922
413 943
423 564
623 536
210 623
623 1000
974 443
263 720
623 108
606 859
654 623
626 84
924 287
691 815
475 623
138 921
254 67
578 374
111 887
836 623
1 805
610 144
801 888
299 619
105 515
623 122
145 623
63 920
629 448
456 623
952 274
327 850
228 418
191 83
778 633
481 735
623 479
69 617
41 623
470 961
845 993
114 313
623 775
395 345
623 303
623 958
623 995
852 969
857 486
575 617
194 681
492 623
328 570
278 623
688 623
911 662
875 909
420 709
119 623
355 623
740 535
750 623
964 308
178 927
282 623
897 623
234 623
949 623
976 855
663 715
772 683
623 597
977 47
348 623
197 690
941 623
66 174
923 844
338 623
330 983
961 954
963 618
623 631
623 510
689 306
413 561
352 144
606 695
207 623
378 674
623 437
439 147
820 915
528 592
744 469
225 623
776 38
625 623
13 97
301 281
201 243
890 887
623 153
160 660
438 984
397 623
169 623
11 447
623 388
841 738
623 786
896 623
220 998
792 632
687 538
623 743
168 923
835 623
599 623
731 238
277 576
409 498
463 330
306 737
645 275
677 211
966 605
919 28
798 478
400 480
872 717
760 98
623 794
525 537
988 371
343 403
759 738
381 976
91 988
811 623
771 623
623 749
847 301
216 462
569 217
623 148
994 841
277 843
310 623
623 311
244 62
393 130
623 224
742 84
265 978
425 236
727 945
370 353
623 643
623 965
778 634
474 47
125 668
623 856
757 357
681 462
818 287
654 227
377 615
24 509
344 46
611 623
863 164
948 845
732 592
530 623
73 566
520 623
855 566
774 401
623 334
353 901
837 623
99 623
6 527
692 318
807 756
623 600
142 656
81 286
343 623
256 212
823 647
868 623
713 138
741 684
260 243
221 529
570 52
640 623
291 357
646 623
799 109
589 623
673 613
60 623
623 992
700 623
117 789
623 123
449 191
848 410
623 43
14 283
38 587
405 501
290 623
623 337
900 623
806 623
22 186
729 973
407 623
699 455
12 366
65 272
358 300
401 330
860 623
623 739
570 80
558 623
909 465
674 588
420 95
9 429
567 674
790 590
455 6
432 109
116 598
957 242
880 36
581 300
488 817
623 551
317 191
572 623
199 664
853 641
707 231
580 733
802 623
54 623
839 233
623 565
11 394
449 725
293 765
693 113
187 987
482 747
408 228
410 431
332 989
903 691
821 615
623 655
233 754
529 541
834 659
485 623
14 973
243 627
195 827
354 170
78 681
588 16
180 502
623 489
66 650
623 917
185 903
623 87
795 865
339 623
641 694
973 242
395 498
247 156
692 478
850 253
623 86
117 672
623 777
519 374
52 706
96 622
539 258
936 298
350 25
623 473
783 81
13 139
91 98
623 75
628 531
807 135
150 623
663 58
623 333
595 539
24 610
521 586
572 653
714 946
125 51
241 623
623 624
623 362
376 216
895 542
683 828
984 859
331 751
623 877
511 59
725 126
962 623
308 623
433 460
704 784
623 346
112 445
474 550
623 103
230 623
59 71
508 4
953 537
267 920
623 997
623 584
340 623
623 934
753 553
316 655
557 885
379 623
61 682
68 905
349 398
555 834
993 380
461 623
268 471
389 110
863 476
439 981
616 158
558 189
136 623
184 433
154 638
898 232
159 588
284 215
199 929
623 781
960 623
889 391
166 638
32 116
559 244
494 640
698 704
623 53
541 307
491 141
792 35
288 398
623 637
255 201
623 642
536 488
195 788
88 263
933 239
171 623
337 458
212 206
724 270
67 644
542 257
370 3
175 186
200 660
763 345
31 623
658 447
822 235
472 304
33 623
354 500
832 848
98 5
565 928
60 40
168 46
764 623
468 623
354 996
335 623
533 175
871 623
434 623
295 623
105 512
181 459
618 840
490 44
263 719
815 607
623 972
623 523
623 368
17 801
140 623
894 623
152 814
643 661
329 352
193 623
916 237
92 497
18 596
495 118
825 623
372 223
787 623
759 377
422 196
560 623
973 679
951 982
469 886
25 361
981 154
222 663
616 708
344 873
864 55
925 195
623 591
908 623
623 422
493 623
622 448
793 974
409 235
967 770
799 987
427 623
623 789
942 476
101 623
64 756
766 623
797 325
773 188
164 423
92 223
107 890
294 72
979 866
623 904
320 321
296 821
42 476
712 623
853 448
165 623
784 998
474 26
104 939
124 694
323 808
120 318
68 417
667 623
444 264
205 623
363 970
110 162
865 132
416 580
452 577
571 177
636 931
724 249
748 320
648 85
48 623
175 376
576 142
658 322
292 352
202 623
671 993
623 502
623 826
139 903
666 623
761 37
745 926
905 902
503 495
684 769
273 623
623 938
601 215
824 833
822 416
898 386
800 18
562 623
300 652
623 865
258 281
331 713
813 131
685 623
616 579
535 840
32 951
421 952
676 623
623 44
979 564
971 505
442 623
888 540
297 521
149 623
405 226
187 276
790 719
882 113
511 9
651 930
532 950
924 369
466 940
228 2
936 297
780 161
197 291
350 963
818 49
65 604
190 623
792 556
623 89
623 678
975 188
312 509
745 110
623 204
506 147
818 698
228 226
349 432
477 367
142 203
943 516
623 179
229 164
161 141
623 8
623 721
77 197
16 321
852 861
29 540
922 177
912 623
991 623
249 677
436 734
595 371
623 373
921 887
623 918
755 765
623 446
990 623
514 891
839 460
347 723
762 623
555 939
746 620
914 623
812 582
954 957
240 830
554 722
898 767
240 586
623 930
469 259
375 308
411 623
768 892
678 518
577 687
544 975
623 499
383 985
623 980
121 647
178 645
932 592
79 738
483 426
254 301
728 623
623 351
623 911
670 90
883 959
220 324
507 121
623 19
723 300
315 146
261 532
220 813
245 955
104 823
323 623
413 761
35 247
290 454
623 305
262 623
623 213
623 453
767 477
315 425
623 621
899 741
257 578
531 669
737 157
623 842
623 680
959 11
548 623
504 283
623 549
791 54
468 585
194 968
552 516
899 22
623 128
623 710
428 924
673 852
133 10
986 623
364 623
857 735
782 623
271 706
366 56
623 198
623 39
971 885
525 731
623 143
481 345
435 845
669 412
57 74
519 617
524 102
424 553
664 76
830 596
3 341
891 932
155 623
947 131
697 61
372 10
233 906
396 470
284 623
441 623
112 34
438 160
264 774
696 444
255 770
102 623
804 623
517 57
153 574
463 800
623 269
727 970
592 88
722 4
406 645
922 221
359 623
356 325
457 776
623 881
902 471
382 623
266 487
55 579
779 480
77 482
82 451
347 400
598 814
623 430
238 363
854 623
508 982
74 967
980 134
716 367
491 503
623 829
705 617
181 163
30 781
935 623
398 459
776 707
228 819
623 726
854 250
623 392
302 385
889 907
256 465
623 23
850 623
593 73
718 261
985 292
127 969
614 46
623 28
571 769
612 623
916 284
286 97
326 9
451 623
209 623
568 623
270 131
996 163
17 162
56 63
62 445
803 435
901 387
544 709
623 265
623 404
17 50
832 6
569 280
294 320
933 245
925 268
12 649
665 623
95 252
861 820
913 623
260 999
555 208
634 632
