1000 1000
291 914
699 768
24 67
464 485
857 197
240 676
660 624
200 589
885 16
81 63
252 885
803 426
662 153
959 214
934 518
853 944
269 135
71 255
628 559
12 462
5 771
156 685
94 81
29 76
496 437
362 394
25 951
397 274
408 117
731 223
330 601
767 514
523 274
181 217
773 288
729 695
149 839
975 446
74 538
372 937
433 333
104 181
636 54
211 606
286 202
171 413
917 158
585 951
554 54
312 461
401 571
3 981
666 269
966 201
489 498
830 705
922 586
295 302
678 646
913 153
977 882
403 399
654 840
911 442
219 391
113 51
223 625
931 2
245 979
427 748
766 827
269 889
536 328
631 587
784 54
934 834
915 908
900 419
957 505
536 407
421 33
195 925
634 362
589 909
106 900
811 855
160 380
669 709
38 623
587 844
43 376
430 457
626 960
745 744
866 387
332 430
707 102
860 246
451 381
717 952
44 194
685 423
789 174
544 968
409 635
757 987
510 497
253 704
302 755
15 532
454 11
645 782
667 664
62 768
857 658
729 431
396 684
846 306
582 349
33 426
67 538
718 61
115 573
257 469
461 366
942 326
954 817
600 627
8 620
572 979
176 552
36 698
149 399
189 647
985 75
863 490
432 707
473 810
376 695
488 829
246 504
893 466
361 338
525 971
17 851
996 249
627 733
796 332
577 358
828 821
357 991
951 769
831 633
479 758
208 783
167 639
953 396
136 867
226 979
365 334
903 672
278 288
990 505
218 717
968 946
184 704
612 971
589 411
799 317
316 209
510 377
861 220
327 280
84 234
311 857
168 509
319 411
807 466
447 76
63 902
372 488
143 69
89 845
80 824
973 752
958 255
619 517
739 556
795 629
336 31
455 914
206 694
133 834
533 260
739 86
38 701
750 143
787 479
622 508
396 5
310 856
888 92
785 270
72 476
586 420
290 716
301 944
6 296
455 740
557 564
186 605
126 324
81 656
584 847
41 305
573 206
158 79
650 588
962 790
247 969
173 738
658 729
639 963
746 373
533 242
468 873
341 537
318 321
988 920
761 582
53 627
492 166
337 727
450 782
485 92
776 555
780 861
255 815
917 865
949 257
801 858
168 584
131 370
630 42
205 832
386 215
919 947
237 348
848 239
141 831
54 616
778 67
471 981
426 355
427 763
27 417
515 542
249 999
732 697
399 671
503 32
123 83
697 224
712 652
824 629
769 912
125 650
546 952
155 398
512 318
788 264
821 834
910 393
641 962
1000 870
990 543
837 850
908 247
116 789
235 176
158 20
282 438
118 625
381 230
123 440
221 34
650 142
298 733
461 324
158 13
293 998
998 371
158 364
951 485
504 713
417 168
29 836
615 594
134 589
544 522
40 94
620 573
373 678
593 295
11 366
658 946
6 97
67 380
424 989
834 938
288 46
515 295
610 113
501 687
476 956
917 455
381 676
785 468
125 671
747 106
806 266
351 156
251 307
965 657
452 396
51 386
294 693
704 465
376 356
750 580
67 856
750 108
426 496
828 868
869 12
37 202
807 507
941 49
669 97
493 241
148 418
382 126
639 596
332 866
371 408
59 34
640 42
162 821
549 290
999 747
285 297
792 332
981 422
188 479
878 984
633 862
213 545
255 310
96 53
94 346
26 497
719 309
223 831
571 411
722 153
814 704
667 107
382 30
715 328
579 318
614 296
269 729
772 760
83 979
683 481
676 872
952 908
359 23
93 524
751 883
18 722
314 650
37 832
259 70
243 898
753 122
336 384
682 146
272 876
60 970
244 105
456 676
998 443
178 288
455 621
283 381
700 902
701 922
613 981
617 376
267 703
479 718
695 683
231 424
895 763
273 984
931 925
654 61
732 346
517 966
445 353
39 972
534 740
731 154
843 460
724 798
325 618
911 372
187 934
777 204
539 765
607 966
480 397
897 258
545 337
54 719
53 602
675 323
462 236
152 260
261 517
907 728
852 828
489 696
35 256
330 311
749 738
463 24
299 716
962 504
644 489
933 270
980 732
179 993
759 108
680 345
887 708
513 187
94 183
455 14
692 263
459 410
52 455
179 153
496 318
485 979
962 883
299 217
840 357
473 902
40 413
405 966
281 195
260 61
90 757
81 785
410 458
105 628
116 904
289 370
963 795
811 234
428 954
519 315
231 577
570 348
789 822
951 17
165 653
472 923
484 399
404 779
942 834
371 669
564 106
210 889
843 583
357 679
185 202
475 677
761 498
276 372
462 100
675 952
884 786
598 384
311 936
359 401
794 299
648 496
620 526
306 955
229 721
741 543
447 900
998 388
586 491
434 952
208 410
72 879
271 512
416 894
480 144
654 172
273 470
94 430
649 586
714 933
988 912
774 900
612 321
119 820
453 804
655 804
717 176
678 493
47 669
341 137
928 541
436 14
949 392
745 582
811 517
605 966
878 331
369 725
730 986
950 368
974 299
367 527
963 673
22 817
545 674
848 949
735 499
114 706
864 723
684 199
310 82
519 979
335 966
423 726
289 930
71 665
781 113
310 809
733 568
41 42
961 232
83 603
955 568
217 966
238 828
493 475
753 502
327 766
346 658
378 718
952 821
761 905
109 396
294 698
337 711
232 86
132 37
181 157
212 330
942 57
840 662
190 150
990 227
360 328
373 478
160 569
838 840
192 106
777 646
627 122
258 193
73 782
510 36
811 689
665 547
220 93
853 398
585 871
985 253
54 411
106 378
139 573
385 642
935 951
177 710
632 317
702 324
68 997
708 945
821 646
704 680
45 365
678 597
310 110
474 786
909 535
283 374
788 461
932 934
8 494
169 527
539 219
573 659
341 729
124 41
768 221
828 658
830 254
684 54
859 65
98 418
120 527
231 867
386 342
784 676
52 417
495 288
922 653
517 611
916 626
125 414
764 936
686 410
480 815
502 95
258 813
821 917
829 561
951 591
501 531
510 262
250 24
125 599
123 661
570 373
973 125
642 660
437 604
320 503
501 964
227 618
373 791
22 888
114 590
564 510
18 4
892 368
701 94
218 233
265 228
561 159
617 948
743 114
441 559
654 541
978 435
221 28
809 550
222 17
207 740
913 444
562 93
952 62
300 849
571 825
219 934
371 448
886 803
90 617
717 786
433 639
996 578
88 904
740 750
940 942
448 566
422 637
870 938
638 589
573 376
270 1
313 62
427 373
558 551
108 65
555 740
496 853
905 455
202 880
227 840
487 922
560 235
258 282
992 710
721 24
22 595
427 657
170 282
514 120
56 571
817 754
227 339
729 605
48 390
736 339
717 307
213 367
189 242
688 433
795 190
553 503
60 923
106 488
231 266
905 643
779 646
48 612
650 907
964 918
161 402
165 708
467 21
129 483
663 982
917 962
821 130
263 977
801 734
78 699
87 967
120 371
10 815
102 815
772 903
238 285
540 821
738 986
867 371
303 331
691 391
879 639
853 805
643 770
996 976
91 64
55 765
79 304
365 54
191 175
404 164
530 851
636 85
299 73
223 91
784 182
148 764
248 986
503 951
816 472
511 329
474 268
482 32
532 737
628 455
41 77
232 97
667 97
269 881
899 257
623 265
329 517
506 279
235 275
422 732
383 983
365 277
284 198
361 351
506 784
94 808
923 269
595 103
756 155
624 503
812 172
327 938
67 609
453 669
698 898
819 722
216 225
164 49
521 67
77 761
626 961
271 99
111 158
147 742
203 306
986 919
685 354
946 156
381 798
363 200
800 61
7 801
842 585
678 789
187 490
837 143
708 967
400 146
449 59
538 986
532 394
921 327
415 160
929 273
503 627
554 528
292 828
821 669
489 875
446 922
81 818
255 910
551 966
198 841
896 143
325 39
410 357
894 974
120 725
401 690
632 785
703 931
174 58
997 14
219 963
211 619
318 97
146 292
817 833
926 793
322 411
308 750
406 848
147 21
723 665
605 887
834 548
347 462
474 389
952 378
571 407
40 483
977 107
121 846
368 608
672 510
180 337
538 934
492 209
740 861
163 33
332 574
834 563
412 540
54 254
151 986
14 841
114 410
242 516
531 732
884 340
350 241
994 262
376 138
901 6
112 15
455 826
14 132
44 921
618 982
899 19
108 978
9 573
835 263
867 54
903 823
299 849
316 343
66 776
252 181
467 77
681 855
379 887
797 292
477 186
910 529
878 983
375 963
395 607
651 262
426 344
728 128
943 988
225 891
289 926
805 995
893 346
729 515
30 802
641 762
17 565
920 592
175 704
352 821
145 59
299 735
581 757
365 402
845 292
119 917
216 844
564 368
670 514
567 828
939 784
799 635
963 704
72 843
576 512
697 720
324 740
35 288
486 746
890 425
14 196
168 931
259 848
504 177
669 624
445 808
854 234
927 594
555 336
716 272
924 779
715 127
101 453
874 851
775 269
51 327
336 50
140 777
485 370
877 532
520 192
288 63
76 500
665 425
650 52
532 62
778 225
575 718
797 287
24 622
660 949
861 712
68 429
181 801
474 492
73 439
438 650
668 861
214 417
236 407
848 906
633 365
984 669
153 615
